260421 0552   5 -16 -1.3  0.0014042  VK2APL QF56 37          0     1    0
260421 0552   7  31 -1.2  0.0015042  VK2APL QF56 37         -1     1    0
260421 0552   5 -16 -1.2  0.0016042  VK2APL QF56 37          0     1    0
260421 0608   4 -16 -1.4  0.0014011  VK2APL QF56 37          0     1    0
260421 0608   8  31 -1.4  0.0015010  VK2APL QF56 37          0     1    0
260421 0608   4 -16 -1.3  0.0016011  VK2APL QF56 37          0     1    0
260421 0610   3 -15 -1.2  0.0014008  VK2APL QF56 37          1     1    0
260421 0610   4  32 -1.3  0.0015008  VK2APL QF56 37          0     1    0
260421 0610   3 -16 -1.3  0.0016007  VK2APL QF56 37          1     1    0
260421 0618   3 -20 -1.8  0.0014014  VK2APL QF56 37          0     1    0
260421 0618   7  34 -1.8  0.0015014  VK2APL QF56 37          0     1    0
260421 0618   3 -19 -1.8  0.0016014  VK2APL QF56 37          0     1    0
260421 0632   3 -20 -1.3  0.0014015  VK2APL QF56 37          0     1    0
260421 0632   8  33 -1.2  0.0015015  VK2APL QF56 37          0     1    0
260421 0632   1  -7 -1.1  0.0015193  VK2APL QF56 37         -3  5420    0
260421 0632   2 -20 -1.1  0.0016014  VK2APL QF56 37         -1     1    0
